[gd_scene format=3 uid="uid://d0hvcfyly2uog"]

[ext_resource type="PackedScene" uid="uid://c8w0mgkmrmmqr" path="res://DeleteMe/Smiley.glb" id="1_rhnfg"]

[node name="Smiley" unique_id=1002153486 instance=ExtResource("1_rhnfg")]

[node name="Skeleton3D" parent="Armature" parent_id_path=PackedInt32Array(723235067) index="2" unique_id=1414814826]
bones/0/position = Vector3(9.4753325e-09, -1.2718366, 0)
bones/0/rotation = Quaternion(0, 0, -0.74254626, 0.6697948)
bones/1/rotation = Quaternion(-0.40508327, -0.5795753, 0.40508333, -0.5795753)
bones/2/rotation = Quaternion(0.23388804, -0.17467152, -0.11380922, 0.94964933)
bones/3/rotation = Quaternion(9.210034e-10, 1.1176653e-08, 0.0009233247, 0.9999996)
bones/4/rotation = Quaternion(-0.2461213, -0.6628909, 0.24612132, -0.6628909)
bones/5/rotation = Quaternion(-0.037281707, 0.010320753, -0.0029038053, 0.9992473)
bones/7/rotation = Quaternion(-0.7071066, -0.00048742993, 0.7071067, -0.00048744056)
bones/9/rotation = Quaternion(0.022990048, -0.02405571, 0.7882191, 0.6144945)
bones/10/rotation = Quaternion(0.64157194, 0.29729688, -0.641572, 0.29729682)
bones/11/rotation = Quaternion(-0.32427958, 0.0030474523, 0.0026455054, 0.9459528)
bones/12/rotation = Quaternion(-0.33158353, -1.2340101e-10, -0.00819228, 0.9433903)
bones/14/rotation = Quaternion(0.3229429, 7.14526e-08, 7.6995605e-08, 0.9464185)
bones/15/rotation = Quaternion(-0.41058403, 2.3377659e-14, -1.2387052e-07, 0.9118228)
bones/17/position = Vector3(1.6815748, -2.8762193, -0.7337684)
bones/17/rotation = Quaternion(0.7071068, 0, -0.7071068, 0)
bones/18/position = Vector3(3.39207, -3.289151, 0.64885026)
bones/18/rotation = Quaternion(0.7071068, 0, -0.7071068, 0)
bones/19/position = Vector3(-0.7000372, -5.0375023, -0.7)
bones/20/position = Vector3(1.1637251, -3.034864, 0.39805114)
bones/21/position = Vector3(0.3364808, -2.8629718, 0.19206491)
bones/22/position = Vector3(-1.314577, -2.371184, -0.2)

[node name="Hand_L" parent="Armature/Skeleton3D" index="0" unique_id=617111745]
transform = Transform3D(-0.34355116, -0.25643465, -0.9034454, 0.21867011, -0.95739996, 0.18859603, -0.91332126, -0.13276416, 0.3849906, 1.4970559, -3.4043636, -0.80621636)

[node name="Forearm_L" parent="Armature/Skeleton3D" index="1" unique_id=1659074126]
transform = Transform3D(-0.3430771, -0.25706863, -0.9034454, 0.22043774, -0.95699453, 0.18859603, -0.9130746, -0.13445053, 0.38499063, 1.8284106, -2.3295903, -0.65697116)

[node name="Shoulder_L" parent="Armature/Skeleton3D" index="2" unique_id=1240139108]
transform = Transform3D(-5.9289167e-08, 0.24531832, -0.9694425, 6.1243735e-09, -0.96944255, -0.24531831, -0.99999994, -5.9604645e-08, 5.960464e-08, 1.5488541, -1.3312587, -0.7)

[node name="Hand_R" parent="Armature/Skeleton3D" index="3" unique_id=1127663478]
transform = Transform3D(0.011713905, 0.73890144, -0.6737117, 0.01752545, -0.6738062, -0.7387003, -0.9997776, -0.003154066, -0.020842485, 3.0536263, -2.9806128, 0.6534737)

[node name="Forearm_R" parent="Armature/Skeleton3D" index="4" unique_id=929978340]
transform = Transform3D(0.010324694, 0.7389222, -0.6737117, 0.018792227, -0.67377204, -0.7387003, -0.99977, -0.005033718, -0.020842485, 2.215876, -2.2166607, 0.65686274)

[node name="Shoulder_R" parent="Armature/Skeleton3D" index="5" unique_id=2119819353]
transform = Transform3D(0, 0.6866317, -0.7270054, 0, -0.7270055, -0.6866316, -0.99999994, -2.9802322e-08, 0, 1.5385753, -1.4307663, 0.7)

[node name="Head" parent="Armature/Skeleton3D" index="6" unique_id=1413620060]
transform = Transform3D(0.98752904, -0.14269733, -0.066512786, 0.14302447, 0.9897192, 0.00015683053, 0.06580659, -0.009667825, 0.99778557, 1.781489, -1.3346726, 0)

[node name="Leg_R" parent="Armature/Skeleton3D" index="7" unique_id=1232444829]
transform = Transform3D(-0.00014104275, 0.50608486, -0.8624837, 0.008587131, -0.86245126, -0.50606734, -0.99996305, -0.007477587, -0.004224195, 0.07366818, -2.4150953, 0.19594777)

[node name="Knee_R" parent="Armature/Skeleton3D" index="8" unique_id=464239609]
transform = Transform3D(-0.00014104275, 0.50608486, -0.8624837, 0.008587131, -0.86245126, -0.50606734, -0.99996305, -0.007477587, -0.004224195, -0.35309568, -1.68782, 0.20225334)

[node name="Thigh_R" parent="Armature/Skeleton3D" index="9" unique_id=2078394245]
transform = Transform3D(0.0029958033, -0.14485821, -0.9894479, -0.0074943495, -0.9894278, 0.14483255, -0.9999674, 0.006981404, -0.004049797, -0.30637768, -1.3684415, 0.21000001)

[node name="Leg_L" parent="Armature/Skeleton3D" index="10" unique_id=1008859521]
transform = Transform3D(1.7638662e-07, -0.5788768, -0.81541485, 4.6255792e-08, -0.81541485, 0.57887685, -0.99999994, -1.3847648e-07, -1.7210084e-07, -1.1153853, -2.0905995, -0.20000018)

[node name="Knee_L" parent="Armature/Skeleton3D" index="11" unique_id=1826392322]
transform = Transform3D(1.7638662e-07, -0.5788768, -0.81541485, 4.6255792e-08, -0.81541485, 0.57887685, -0.99999994, -1.3847648e-07, -1.7210084e-07, -0.6272385, -1.4029884, -0.20000006)

[node name="Thigh_L" parent="Armature/Skeleton3D" index="12" unique_id=1090236827]
transform = Transform3D(-3.7322067e-08, -0.9942534, -0.10705128, -7.9060584e-08, -0.10705125, 0.99425346, -0.99999994, 5.245795e-09, -1.1210843e-07, -0.3063777, -1.3684413, -0.19000004)

[node name="Pelvis_2" parent="Armature/Skeleton3D" index="13" unique_id=2130209277]
transform = Transform3D(4.189333e-08, -0.7214297, -0.6924876, 1.1551615e-07, -0.6924876, 0.72142977, -0.99999994, -1.1920927e-07, 0, -0.096481495, -1.2618704, 0)

[node name="Bone" parent="Armature/Skeleton3D" index="14" unique_id=260345073]
transform = Transform3D(-0.102749944, 0.9947072, 0, -0.9947072, -0.102749944, 0, 0, 0, 1, 9.4753325e-09, -1.2718366, 0)

[node name="AnimationPlayer" parent="." index="1" unique_id=1183161064]
autoplay = &"ChaseRun"
speed_scale = 0.5
